561
215
229
267
180
590
649
626
451
614
282
745
444
146
220
429
8
24
35
115
26
16
34
31
22
36
41
15
76
46
34
21
137
14
83
18
721
256
447
320
33
934
100
103
180
735
564
523
516
1029
615
697
182
490
500
533
515
382
585
488
522
611
426
521
484
679
689
546
659
705
381
401
545
666
492
1014
460
587
609
766
802
882
984
856
654
516
502
625
701
239
921
541
846
693
577
602
764
857
683
497
717
315
777
881
686
1061
777
609
494
631
633
868
817
986
641
685
505
447
489
419
507
567
764
488
554
680
573
567
397
522
467
555
500
470
479
457
483
461
617
113
91
159
231
534
112
66
258
117
180
56
160
202
121
126
101
119
142
151
160
147
117
155
143
125
125
115
135
121
135
104
111
127
114
133
155
122
144
130
127
169
129
90
38
30
60
18
19
24
18
140
76
178
240
189
39
185
97
19
268
263
13
57
39
87
12
30
38
768
7
27
1
24
28
40
19
8
40
331
181
51
79
405
133
25
68
173
200
13
27
199
179
16
8
14
1
19
16
11
12
17
11
8
8
14
16
13
16
10
11
8
15
17
6
13
8
14
16
11
19
14
11
8
8
17
8
8
173
179
8
3
13
24
66
87
134
42
48
107
3
91
21
47
37
11
195
136
150
32
227
139
446
117
95
186
116
170
129
153
222
285
94
297
107
47
69
109
272
199
55
29
130
54
11
12
11
16
14
8
16
14
14
14
11
14
22
11
14
13
15
13
24
144
5
31
8
31
14
21
15
14
17
18
33
25
13
22
5
27
27
24
5
10
19
12
27
24
23
18
20
15
15
18
12
2
25
12
15
46
58
28
28
6
7
6
7
4
4
2
6
4
4
2
1
7
7
11
8
11
20
14
10
6
15
8
13
5
8
6
8
13
11
1
8
8
16
15
19
16
5
10
11
14
8
5
3
8
7
5
6
5
2
2
5
490
490
500
533
515
382
585
488
522
611
426
521
484
679
689
546
659
705
381
401
545
666
492
807
448
471
481
642
656
747
970
715
498
402
403
505
590
435
691
547
425
455
625
727
423
602
603
714
518
880
640
479
380
512
512
748
677
963
512
523
505
447
489
419
507
567
764
488
554
680
573
567
397
522
467
555
500
470
479
457
483
398
19
199
422
303
410
288
317
342
347
384
36
46
11
238
62
297
141
205
50
21
45
97
240
82
16
44
114
102
189
137
49
68
111
133
161
64
146
32
103
77
65
98
102
117
71
47
76
59
63
62
57
75
88
90
45
76
63
75
37
47
35
73
87
62
36
66
50
74
71
74
79
65
51
42
34
68
38
176
96
101
199
89
131
94
129
123
127
112
186
168
83
137
277
69
138
176
105
124
60
136
141
107
66
126
151
161
139
94
76
56
108
42
53
179
135
15
80
143
97
119
121
96
24
72
52
65
97
76
148
96
198
62
184
54
26
102
117
88
115
147
85
143
124
145
177
117
150
87
177
83
98
127
154
140
130
137
156
161
132
99
123
168
101
222
147
182
244
115
208
214
211
243
170
127
193
77
76
150
111
203
111
165
38
116
130
59
100
99
172
142
102
76
87
158
154
80
57
50
59
92
33
32
35
13
16
22
15
21
23
12
15
12
302
200
15
33
11
17
2
10
38
115
15
50
87
90
30
35
39
70
43
44
56
43
91
76
212
276
138
153
163
242
218
172
355
150
157
209
301
190
227
178
85
56
36
1
53
45
6
7
64
77
92
26
35
65
84
61
1
17
22
20
39
11
55
17
547
21
48
61
24
50
85
87
80
47
85
109
51
11
8
23
31
230
74
46
38
45
72
31
53
76
70
24
88
59
18
203
44
39
34
21
76
20
30
50
45
60
32
32
65
129
102
98
95
144
60
75
167
102
87
69
39
101
84
93
51
141
16
4
7
76
6
11
4
93
71
13
423
160
45
29
3
2
5
2
2
3
3
212
151
6
186
338
129
412
32
32
144
157
185
244
113
154
102
240
148
242
115
144
415
151
244
219
200
268
146
186
162
192
228
142
234
357
175
221
160
259
36
18
34
24
18
173
121
93
43
58
93
395
269
261
295
168
478
165
41
91
43
150
269
131
34
275
229
252
160
128
49
21
11
19
11
25
8
21
13
13
12
12
15
25
19
12
5
31
12
45
31
161
673
187
2
5
6
12
12
3
11
5
5
12
11
7
4
62
7
2
2
4
2
2
9
34
2
46
224
95
135
26
42
22
4
28
32
40
46
39
39
51
40
36
63
43
36
21
64
30
39
61
50
202
92
153
155
126
193
151
252
267
315
306
236
321
318
244
152
284
285
285
143
3
16
200
18
6
180
71
153
107
248
31
28
183
291
258
286
471
221
139
238
182
501
302
379
76
156
337
98
11
107
140
98
12
51
34
59
44
107
83
27
60
36
106
58
68
76
48
68
45
69
51
57
53
91
25
26
24
49
14
9
8
3
9
9
9
3
9
7
11
11
12
14
146
124
31
67
71
99
35
35
33
33
1
8
229
17
2
142
21
74
148
72
87
62
121
32
85
8
14
8
9
78
83
267
178
105
22
21
19
15
16
18
32
20
29
25
19
15
8
18
23
22
20
22
18
17
45
17
42
28
28
37
19
19
34
22
34
28
20
38
20
41
53
17
34
22
188
87
142
223
31
108
37
9
16
32
28
31
36
24
44
28
45
45
42
52
57
44
30
44
41
19
26
35
44
30
28
21
27
49
33
59
21
27
31
33
53
29
60
27
35
28
52
35
17
26
12
37
9
30
25
41
76
121
77
31
5
41
16
6
2
33
59
54
110
82
198
164
7
12
10
10
6
10
16
6
11
4
4
4
10
4
24
8
7
10
5
9
7
13
8
7
4
23
7
25
8
7
45
14
3
6
9
14
6
10
8
9
3
1
1
8
10
3
2
9
6
3
5
3
6
9
11
3
4
8
18
5
17
13
8
3
3
15
10
17
7
12
9
3
1
2
5
4
43
26
98
15
12
16
30
144
3
56
148
186
95
97
72
229
117
85
244
73
138
244
27
34
14
75
44
28
49
41
37
37
149
101
62
53
85
238
20
4
33
32
7
9
2
4
3
186
1
8
29
17
17
23
20
90
14
20
30
26
29
23
31
22
18
26
23
45
31
52
21
31
35
12
21
34
24
36
23
30
24
29
29
19
35
30
25
20
22
18
25
33
32
28
25
23
39
24
32
22
48
25
25
29
29
23
34
29
23
24
20
36
31
21
15
22
29
32
70
36
20
30
93
19
34
90
25
28
22
23
17
20
7
16
3
5
3
10
8
7
16
15
11
12
3
6
14
29
9
24
14
59
9
10
11
6
12
10
5
3
212
60
2
7
7
7
7
6
1
64
5
47
54
180
19
22
3
4
7
7
1
7
1
54
1
32
6
1
84
3
7
19
102
130
59
119
3
9
17
21
15
15
52
42
26
21
15
28
90
46
44
30
34
27
37
42
9
16
42
31
21
27
15
15
28
17
35
16
11
70
33
34
31
1
7
3
11
14
9
42
39
16
28
6
5
9
15
6
5
43
34
121
39
18
45
40
13
29
83
33
41
40
41
16
21
22
34
35
34
22
16
19
19
34
34
26
14
56
13
22
22
13
12
11
11
20
21
13
8
1
39
6
6
27
127
21
46
162
8
12
8
8
8
17
11
17
2
17
12
14
11
14
12
4
12
12
11
16
15
73
8
14
2
2
2
2
2
5
2
2
2
2
3
3
2
4
4
2
4
2
6
5
2
2
2
4
2
2
5
2
20
2
3
1
2
10
21
15
4
30
6
3
2
6
5
6
5
1
5
10
5
9
11
56
79
25
140
18
13
10
10
10
10
14
18
16
14
10
5
10
10
14
14
10
10
1
2
8
12
10
18
10
10
10
14
1
4
3
8
10
10
5
1
5
1
63
4
2
4
14
3
14
31
42
31
17
7
10
10
7
10
10
10
6
14
7
5
14
5
15
10
7
6
14
13
9
7
24
11
7
13
6
13
10
8
10
10
10
14
10
20
8
10
10
8
11
14
10
9
1
9
9
9
9
1
8
1
5
10
16
7
7
6
22
16
9
23
10
10
9
14
5
5
9
10
9
12
5
10
8
6
5
7
21
14
10
6
10
5
15
10
9
10
7
7
7
14
9
2
10
10
218
10
2
4
11
14
35
36
27
19
23
79
35
61
38
25
17
66
11
17
54
40
29
24
15
7
116
22
94
17
68
7
8
12
16
1
5
3
6
17
30
2
46
105
89
53
15
352
152
19
128
8
38
191
2
36
4
7
8
10
10
12
9
30
11
4
4
3
7
9
15
77
45
40
260
93
96
97
120
96
128
22
33
54
7
19
3
3
9
9
3
3
29
22
29
17
34
43
18
25
16
11
37
1
20
2
2
1
2
15
10
7
7
8
18
7
7
14
12
10
4
12
16
4
21
16
13
4
17
15
4
19
4
4
13
4
8
2
10
4
18
20
89
49
62
21
8
82
100
132
142
80
92
96
6
4
6
151
111
85
75
139
56
48
80
36
45
48
60
43
41
58
29
12
11
52
5
22
1
1
1
1
12
50
17
63
542
67
239
186
172
67
184
7
157
5
19
64
17
14
1
8
5
10
11
2
1
6
9
7
9
2
87
103
41
29
12
12
9
9
2
12
16
26
46
24
43
18
1
1
169
118
10
310
8
65
18
20
21
3
21
31
25
22
15
62
75
10
29
78
29
1
85
22
17
189
309
386
64
16
11
8
4
7
11
69
1
2
7
8
5
30
2
4
1
1
22
7
21
18
7
4
2
5
74
82
43
6
7
40
9
110
12
1
18
6
1
64
3
14
15
14
7
26
192
174
87
109
218
110
119
71
63
171
88
115
86
81
113
69
87
86
70
9
11
6
10
8
27
7
6
7
154
26
31
57
91
70
95
78
62
163
121
77
35
126
112
114
114
78
102
124
107
103
72
94
81
87
21
102
134
96
80
102
193
258
86
33
78
48
79
86
105
47
124
69
141
76
122
80
88
103
84
80
142
68
9
16
7
2
2
11
16
37
52
3
92
3
58
34
65
36
62
40
10
50
5
6
34
17
141
15
16
6
17
29
35
39
15
20
13
12
15
6
7
49
26
41
5
39
9
7
1
173
185
163
100
265
274
165
136
137
242
31
171
70
88
70
133
110
182
115
28
18
231
82
226
137
148
143
160
89
142
169
33
43
56
24
47
134
45
114
152
61
48
32
30
33
30
26
19
42
15
65
29
94
105
59
55
30
72
23
9
14
9
16
24
16
14
22
58
37
45
36
44
48
13
10
19
14
16
7
12
21
21
107
178
79
97
60
84
57
25
27
97
61
33
151
24
42
40
46
157
109
31
82
58
23
78
35
27
25
46
36
19
36
95
5
40
11
192
65
3
39
35
41
30
32
69
43
33
44
26
45
51
45
49
52
91
46
82
64
78
40
73
16
24
30
47
63
50
4
5
9
1
3
6
15
37
33
26
18
42
19
49
32
18
36
12
38
27
26
21
36
27
25
29
12
35
65
69
49
173
41
79
40
57
42
28
27
32
25
30
33
11
65
37
21
26
51
24
41
34
26
59
18
31
42
32
11
15
9
10
15
28
16
32
6
8
35
36
62
32
69
31
29
18
28
43
21
61
32
18
16
8
48
7
33
88
11
22
18
8
21
33
29
1
8
13
8
8
6
14
10
4
6
8
8
6
18
14
12
26
97
8
7
5
9
7
11
8
8
7
2
106
6
11
2
7
60
22
6
12
22
33
31
36
37
21
38
21
24
19
29
25
20
23
22
22
18
17
20
21
12
29
29
18
35
26
30
30
15
21
22
22
25
22
16
11
30
18
9
16
16
18
28
29
16
23
22
24
19
17
15
21
24
24
17
23
30
11
20
20
22
24
7
6
6
11
6
23
29
26
3
154
12
1
59
16
20
43
15
31
22
16
27
18
22
19
31
19
37
27
33
18
19
23
16
9
74
72
88
182
4
3
12
3
12
30
8
14
3
3
35
30
20
6
6
10
12
3
6
46
23
53
27
47
57
60
67
40
71
112
98
94
129
109
141
115
140
134
111
133
133
110
104
138
36
13
18
8
59
27
41
15
31
4
5
22
1
43
15
4
18
12
7
132
90
172
109
149
72
123
97
1
38
8
2
8
2
2
2
2
2
2
7
2
2
2
2
2
2
2
2
2
9
4
4
7
7
6
13
4
4
6
4
15
4
4
8
9
7
10
4
72
119
142
231
93
70
179
152
207
133
93
5
4
140
7
4
8
4
3
4
141
36
36
67
23
1
40
27
20
18
15
51
33
35
18
11
17
21
7
56
3
15
9
3
21
22
20
232
36
26
47
103
142
20
81
104
88
94
106
106
116
233
110
1
153
18
15
20
8
9
8
15
15
13
16
79
4
11
40
125
57
23
41
2
44
121
25
92
43
16
6
33
167
46
27
66
28
47
3
48
23
17
15
3
27
23
15
83
28
20
10
42
12
20
6
4
2
12
2
10
7
5
2
8
10
15
4
2
25
15
50
2
6
6
10
10
20
10
10
15
10
11
15
10
11
10
10
12
11
25
12
10
10
16
17
15
22
3
21
97
13
7
21
51
39
66
59
36
34
68
54
61
45
33
43
52
79
122
18
43
21
25
13
26
18
21
65
25
9
6
28
19
10
20
28
38
47
40
71
22
80
26
108
36
118
43
23
50
40
90
60
100
85
90
34
39
64
53
42
69
40
73
53
46
43
40
49
76
36
15
12
3
45
37
20
14
15
25
29
25
11
29
49
16
19
74
32
6
12
38
27
31
47
6
47
2
2
2
2
5
6
4
5
15
32
1
18
18
30
29
1
3
13
26
5
10
41
7
2
18
29
47
15
44
35
32
41
29
28
14
29
13
7
75
16
67
87
30
51
25
29
25
6
19
24
81
36
21
18
5
26
17
25
24
21
7
17
15
20
18
22
1
33
3
5
5
4
3
23
16
17
13
11
20
1
2
2
135
8
7
14
6
7
62
43
42
12
37
4
9
7
6
36
27
6
25
11
15
15
8
5
5
88
40
131
34
67
67
66
64
40
60
83
70
5
9
12
8
8
14
12
12
15
7
16
17
10
9
15
18
4
12
12
4
30
4
7
10
32
22
23
29
20
5
39
29
31
11
1
36
41
68
41
22
33
36
44
54
39
80
12
14
22
8
7
15
15
11
10
3
8
10
6
4
1
91
36
2
14
15
14
32
44
30
10
8
2
11
7
1
5
2
5
8
6
1
9
8
2
5
2
2
9
5
5
3
5
5
2
5
11
6
5
1
8
5
5
6
6
2
4
6
5
1
2
3
5
2
6
2
8
2
1
5
9
12
5
5
6
5
2
12
6
5
6
1
6
8
12
5
12
6
6
2
5
2
6
1
8
6
5
10
9
2
8
9
9
6
5
2
2
5
2
5
2
6
2
2
5
5
2
8
5
6
5
6
11
2
8
9
5
5
5
2
5
1
2
5
4
2
9
8
5
2
3
6
6
1
2
5
6
2
9
5
4
7
8
3
8
2
2
5
2
12
6
15
38
19
30
8
20
17
65
6
67
25
87
44
75
45
2
29
25
31
2
18
19
10
52
6
15
8
7
7
6
22
6
11
1
4
12
3
1
2
9
7
1
6
4
15
11
7
11
33
57
14
44
4
57
18
1
18
4
2
4
2
21
10
20
8
17
18
30
22
20
25
22
16
7
28
20
25
19
14
33
21
36
19
23
19
1
2
19
3
2
8
16
3
52
29
31
1
1
1
8
1
4
5
5
5
8
6
5
5
13
8
5
5
5
15
12
5
8
6
5
5
5
5
5
5
5
5
6
5
5
5
5
7
11
5
5
6
1
15
46
16
64
2
22
12
22
16
19
24
16
15
8
9
11
26
6
23
29
17
17
14
5
14
6
23
5
11
6
9
14
13
20
1
14
12
20
12
10
7
9
9
10
13
10
9
2
2
7
65
17
47
34
36
61
40
38
26
34
44
40
36
32
20
30
61
85
24
42
51
13
28
12
7
29
36
12
6
55
27
39
42
26
5
11
23
1
26
35
15
12
31
13
79
4
55
61
29
44
32
6
1
7
1
6
2
8
14
6
1
47
18
45
63
31
19
19
8
19
36
5
7
10
24
6
2
8
9
7
2
5
69
68
73
55
77
46
28
25
15
36
9
17
30
9
17
2
19
3
6
10
13
3
1
12
15
2
3
1
1
2
3
7
2
2
1
4
25
1
36
37
45
44
20
21
23
17
31
27
11
30
9
17
19
23
25
18
15
21
29
11
39
1
1
1
15
14
5
7
2
21
14
1
18
2
1
1
7
1
4
22
11
25
10
21
10
7
21
12
5
12
22
3
10
10
12
1
5
9
1
5
5
1
2
5
1
1
27
11
1
21
27
1
1
4
4
2
4
3
17
1
7
8
4
1
5
1
1
2
3
10
15
10
10
10
13
18
10
10
10
12
12
12
12
16
15
19
11
19
10
16
14
13
6
19
15
1
17
34
7
11
25
10
10
10
17
10
31
14
15
10
15
24
17
13
14
17
12
19
12
30
25
13
13
19
22
10
12
12
2
17
8
12
7
16
21
15
6
18
11
20
10
17
14
25
10
10
15
10
11
10
21
10
19
16
10
15
10
10
18
13
10
10
10
18
15
10
13
12
9
10
10
14
40
42
20
14
10
10
25
1
10
16
11
14
10
17
10
18
14
10
20
10
10
11
10
2
41
13
27
12
29
15
17
25
14
21
37
13
16
20
13
10
40
13
26
24
13
20
23
19
10
12
20
10
10
2
3
2
4
5
7
9
7
7
10
7
9
12
6
4
10
3
2
2
3
1
2
14
7
12
8
13
12
21
9
14
6
6
10
1
19
5
6
2
17
7
2
7
4
1
5
8
5
18
27
2
5
5
3
4
63
11
19
22
17
36
15
26
15
12
16
3
3
4
3
5
10
3
9
7
3
2
5
4
1
1
2
5
3
1
4
2
4
3
4
1
6
3
4
144
8
23
8
1
5
3
8
5
8
11
6
3
1
13
26
39
3
61
4
35
3
29
7
8
8
5
6
10
20
9
19
17
12
21
8
5
36
27
42
17
4
17
26
13
10
1
20
6
7
42
4
16
23
30
10
32
4
21
2
3
5
2
1
1
1
1
3
1
8
1
44
21
16
10
21
1
1
7
1
2
2
1
1
4
4
2
5
8
5
8
8
5
14
5
8
10
5
8
14
20
10
11
5
12
8
5
17
5
21
8
14
5
17
22
11
8
16
13
8
13
5
14
14
8
23
7
11
19
3
1
1
3
5
9
10
3
6
8
5
2
8
5
4
4
3
2
3
2
3
2
2
3
1
2
7
1
2
1
2
1
2
5
1
